46
66
74
144
183
242
279
287
327
352
398
623
660
662
675
681
724
808
813
866
876
894
895
940
1014
1080
1082
1120
1122
1172
1178
1206
1269
1346
1353
1369
1396
1398
1429
1437
1440
1441
1481
1492
1559
1561
1565
1566
912
597
1144
519
698
247
405
1090
83
359
682
1558
1190
991
1387
931
841
994
1004
1393
783
86
157
303
348
531
606
987
1194
1244
1476
355
297
114
448
1399
1489
1207
1248
75
106
128
189
420
507
577
654
929
1159
1287
1509
1237
907
702
862
330
1410
1381
786
329
332
779
981
983
1335
266
1391
1508
63
389
547
748
825
904
112
172
1007
1564
80
91
131
174
276
435
469
605
611
621
633
743
759
814
861
872
885
889
913
916
960
1002
1043
1066
1097
1110
1307
1361
1379
1407
1535
1552
96
914
1364
142
955
272
1103
1126
1229
1368
480
487
684
726
954
970
1519
1545
612
1544
546
800
1300
26
44
220
257
336
569
581
588
609
754
1108
1148
1347
1416
1434
1450
1456
367
1542
4
976
988
1109
185
246
283
334
414
461
601
627
846
947
1026
1161
703
699
49
61
298
362
680
1350
1389
353
574
587
604
668
785
392
78
580
811
821
1560
439
1547
1373
193
945
476
1257
793
551
1063
1018
427
233
18
30
110
124
160
173
175
182
225
232
254
258
286
312
341
347
368
387
408
451
488
545
550
552
602
650
663
665
674
677
706
715
735
802
852
868
871
971
992
993
1001
1044
1047
1152
1247
1294
1309
1311
1395
1406
1443
1444
1478
1515
1522
1568
1336
294
850
409
797
1209
1577
27
638
108
310
1081
