1	3377	9
2	2723	5
2	1305	10
2	1810	10
4	710	5
4	128	5
4	3871	5
4	3102	4
6	3603	6
7	3566	10
8	3157	9
8	2600	3
8	2591	5
8	610	10
9	1417	10
11	3203	6
11	3813	9
11	3871	6
12	3339	8
12	3864	7
13	1508	9
13	1009	3
14	3560	9
14	888	8
14	3109	9
15	3078	7
16	310	10
16	1191	10
17	2131	10
17	948	10
17	2247	8
17	3964	10
18	1683	3
19	3892	10
20	3923	8
20	3337	10
20	3944	5
21	1303	9
22	993	7
22	435	5
22	3572	7
22	3354	5
23	1759	7
23	2603	10
23	32	8
23	1154	8
23	1180	10
23	1711	7
23	3595	8
23	2825	5
24	743	2
24	1108	5
25	3874	8
25	227	6
25	3578	7
25	2048	10
25	141	10
26	3955	5
26	3429	1
26	3872	8
26	3949	5
27	1327	9
27	2606	8
27	2189	9
27	3777	8
27	3318	7
27	2042	7
27	342	7
27	409	9
27	2124	8
29	2045	10
29	3285	10
29	879	9
29	2048	8
29	1933	10
29	1996	10
29	268	5
31	152	9
31	632	7
31	2822	8
31	3615	7
31	1898	9
31	1455	7
31	2783	10
31	1277	8
33	58	9
33	447	9
33	2124	7
33	3825	7
34	1143	9
34	2135	10
35	1720	9
35	2465	7
35	3657	8
35	1163	9
35	683	7
35	487	8
36	312	10
36	823	8
36	1282	8
36	3359	10
36	3384	10
36	321	10
36	2003	10
37	3938	10
38	2474	8
38	1236	8
39	568	8
39	525	9
41	57	9
41	3651	10
41	2807	7
41	1282	10
41	2726	7
43	4030	10
45	663	9
47	405	9
49	1486	7
49	1786	7
49	3371	5
52	3944	6
52	562	7
52	3363	6
53	2277	7
54	3189	8
56	2702	7
57	2645	4
57	309	10
58	659	4
58	1265	7
58	694	5
59	1262	7
59	1016	4
59	2166	8
59	3174	3
59	1302	8
59	3062	8
59	1892	8
59	2964	7
59	3799	10
59	2951	8
59	3506	8
59	3141	7
59	1690	8
59	1154	10
59	4030	10
59	2386	9
59	2115	5
59	1	5
59	2410	9
59	2164	8
59	1991	10
59	1426	8
59	3379	8
59	2280	8
59	852	8
59	106	8
59	1407	10
59	446	7
59	3674	9
59	1172	8
59	3994	8
59	133	8
59	681	10
59	1759	1
59	1041	8
59	2614	5
59	1943	6
59	2038	10
59	2568	10
59	333	8
59	87	9
59	3652	2
59	4032	1
59	2476	7
59	228	9
59	1574	8
59	3237	7
59	267	9
59	83	8
59	1825	10
59	1099	7
59	3303	8
59	1237	10
59	2194	8
59	1751	9
59	1276	8
59	1280	9
59	3160	6
59	2963	6
59	3662	6
59	39	8
59	1000	8
59	162	7
59	307	5
59	1918	10
59	1901	6
59	2391	8
59	559	8
59	1492	8
59	3530	10
59	255	10
59	1797	8
59	3496	8
59	2841	8
59	3973	9
59	1372	9
59	3390	7
59	3528	8
59	1307	8
59	352	10
59	766	10
59	3970	7
59	646	6
59	3402	8
59	1624	8
59	2315	6
59	1217	7
59	567	10
59	301	9
59	2537	9
59	2168	9
59	2727	6
59	1989	8
59	3257	5
59	2124	10
59	331	8
59	4050	8
59	1489	8
59	802	10
59	2781	5
59	3708	9
59	3955	9
59	2358	8
59	2110	7
59	2015	9
59	1849	8
59	3680	8
59	367	9
59	569	8
59	2819	10
59	229	7
59	2945	6
59	605	10
59	3473	6
59	1964	8
59	958	8
59	781	7
59	2089	10
59	1755	7
59	148	8
59	886	10
59	1290	8
59	2432	8
59	73	8
59	116	8
59	1447	8
59	2645	8
59	1210	8
59	1311	5
59	322	9
59	3668	8
59	3080	8
59	1573	5
59	2764	4
59	2558	4
59	2752	8
59	661	8
59	1816	8
61	3871	2
61	1729	6
62	3756	6
62	248	8
62	3800	9
62	3594	9
62	2797	7
62	3846	10
63	1145	8
65	1551	8
65	697	8
65	1128	9
65	1089	8
66	2451	4
68	3110	8
68	2124	9
69	1500	8
69	2541	7
69	1071	10
69	2554	8
69	914	8
69	2087	7
69	3287	8
69	1128	10
69	1185	9
69	1127	7
69	894	8
70	1603	8
70	3647	6
71	31	7
71	58	10
71	2108	9
71	3859	6
76	5	9
76	3612	8
76	543	9
77	617	10
77	1345	10
78	1501	5
78	2913	5
79	45	7
81	567	9
82	3126	7
83	460	3
83	2881	8
84	3062	10
84	1773	9
86	3208	7
88	3362	8
88	2671	8
88	365	10
88	1729	7
88	402	9
88	537	8
89	3432	7
89	253	8
89	2154	7
89	3403	9
89	2768	6
89	3352	9
89	2741	2
89	3174	9
89	2398	4
89	2080	5
89	2928	8
89	3580	9
89	719	8
89	1467	5
89	710	7
89	730	5
89	2644	8
89	3986	9
89	1617	6
89	2005	8
89	2795	5
89	37	9
89	2117	8
89	20	8
89	2387	10
90	3798	10
90	3517	8
90	3807	10
90	1932	10
92	2753	9
92	2889	9
93	3808	8
93	3806	7
94	1664	6
96	3049	8
96	3256	5
96	1228	8
97	3706	10
97	2821	4
97	1389	2
98	208	6
100	1149	8
101	1656	7
101	623	8
101	830	9
102	3037	8
102	426	5
102	978	8
103	2504	7
104	2574	9
105	2119	7
105	1554	9
105	1992	9
105	3127	7
105	1629	7
107	3740	10
108	2686	10
108	1304	8
108	3126	7
108	455	7
108	2480	5
108	385	9
108	2614	8
108	978	8
108	570	10
108	3144	8
108	462	8
108	1327	8
108	1569	7
108	1261	10
108	573	8
108	396	10
108	699	5
108	3129	9
109	3553	8
111	3861	1
111	1254	8
112	2290	8
112	95	7
112	2727	8
115	3359	10
115	2290	9
115	1968	9
115	662	10
117	2047	10
117	131	4
120	1817	8
120	984	8
121	2057	7
121	86	7
121	646	9
121	1285	10
121	3118	7
122	797	10
122	1209	8
122	385	8
122	817	10
122	1455	6
122	275	10
122	1745	5
122	1728	9
122	865	10
122	539	8
122	3386	9
122	2667	10
122	424	8
122	3350	10
122	1264	8
122	699	7
122	1948	8
123	2443	5
125	2035	8
125	1835	9
125	2809	9
126	897	7
126	563	10
126	817	10
126	3526	8
129	1343	9
130	3416	10
130	1359	5
130	1816	5
130	1309	5
130	830	10
130	2324	5
132	2570	9
134	2470	10
134	2990	8
135	3249	10
135	3186	9
138	1714	10
139	1726	8
141	3318	10
141	2082	8
141	2102	9
141	719	8
141	1507	10
141	1382	9
143	972	9
143	3879	8
144	1331	8
145	849	6
145	3550	8
145	1826	5
146	2296	8
149	927	7
150	571	10
150	1280	5
150	3939	10
151	2035	10
151	1627	10
151	718	8
154	2470	10
155	3808	9
155	58	7
155	2822	8
155	3801	8
155	2231	9
156	16	10
156	3387	9
156	1307	10
157	298	4
158	3130	10
161	3583	8
161	2399	8
162	1305	8
162	2913	8
162	1169	7
162	3532	8
162	500	7
163	1745	7
163	3372	7
164	2706	8
164	313	7
164	592	8
164	291	7
164	2426	7
164	662	6
164	1682	7
165	2464	8
165	1286	8
165	3592	10
165	2379	6
166	58	8
166	2215	8
166	753	5
166	251	8
166	277	9
166	738	7
167	899	8
167	888	8
168	1718	10
168	1420	10
168	700	8
168	3691	10
168	2245	8
168	3674	9
169	2184	7
171	395	9
172	95	10
172	731	9
172	2572	7
172	1720	8
172	3078	7
172	1114	5
173	2822	7
173	3796	8
174	2797	10
176	3380	9
176	3466	5
176	2623	10
176	3439	10
176	51	10
176	621	8
176	1401	10
176	3396	10
176	2051	10
176	2050	7
176	1421	10
176	3405	9
177	1828	9
178	2550	10
179	605	8
180	2320	10
180	1700	10
180	720	10
180	1131	10
180	2265	10
180	2337	9
180	1054	10
180	3488	10
180	3512	10
180	3078	10
180	2297	10
180	744	10
180	3525	10
180	1476	10
180	2195	10
180	1468	10
180	3260	10
181	2379	8
181	2466	8
182	2695	5
186	1866	8
186	3717	8
188	2137	9
188	3171	9
189	2343	8
190	3132	7
190	2279	8
190	2335	10
190	3159	9
190	1309	7
191	1846	10
193	3825	10
193	3796	2
194	770	9
194	405	7
195	4039	10
197	840	5
197	3126	10
197	2051	10
197	1468	5
197	2260	10
197	1503	4
197	1465	6
197	744	5
198	3191	7
198	992	8
198	835	8
199	3221	7
199	2211	7
199	3949	9
199	1957	3
199	1999	7
199	3075	7
199	1881	10
199	1338	2
199	3805	8
199	2291	8
199	3322	6
199	1480	7
199	3243	8
199	2187	7
199	103	7
200	278	10
201	1671	8
201	3804	9
201	3859	8
201	1722	8
203	992	10
203	3852	8
205	1842	9
205	3956	5
205	1660	5
205	3692	5
205	3657	5
205	2086	8
206	1240	7
206	1020	3
206	58	9
207	3662	10
207	1252	9
209	740	8
209	688	10
210	1202	8
210	2864	10
212	3878	8
212	1397	8
212	3942	8
214	992	10
214	177	7
214	3651	8
214	3381	8
215	1265	10
215	1759	8
215	3374	9
215	347	9
215	1285	7
216	2077	5
216	2749	8
216	717	8
216	2306	7
216	2304	10
216	646	5
216	1189	9
216	524	10
216	3954	5
217	652	9
217	1072	7
218	2073	5
218	3821	5
218	3768	10
218	2740	10
218	3505	5
218	1094	5
219	2936	7
219	3749	9
220	3582	8
220	3613	9
221	1284	5
221	1720	5
224	1518	8
224	2043	8
224	463	10
226	4011	10
228	869	7
229	2282	7
230	2915	10
232	978	6
232	2147	6
232	2108	6
233	432	10
233	1269	9
233	2554	10
233	2592	7
234	3763	10
234	3542	10
234	1954	10
235	2277	8
235	1397	8
235	166	8
235	671	7
235	3578	8
235	3477	9
236	4060	5
237	478	6
237	831	7
237	3662	5
240	3072	9
240	1827	9
240	1014	8
241	1341	7
244	3747	10
245	93	9
245	3872	9
245	1376	10
245	1014	8
245	1249	7
245	3031	9
246	2063	8
246	1796	9
246	3261	5
249	959	8
249	2080	8
249	2390	10
249	1302	4
249	1392	3
250	2135	6
250	3494	7
250	1016	8
252	3007	9
252	316	8
254	504	9
256	3125	8
256	1892	9
256	166	9
256	647	9
259	3942	5
259	465	7
259	417	9
260	2874	8
260	3738	9
260	1843	10
261	869	8
262	1759	9
262	2332	9
262	2960	9
262	2971	7
262	2223	10
263	3748	10
264	2862	7
265	2678	7
265	1817	9
265	1745	9
265	1504	8
265	2724	8
265	1489	8
266	110	8
266	1220	8
267	626	7
268	2725	8
268	1373	5
268	1690	10
268	1827	9
269	3113	7
270	2147	5
272	2042	6
272	3323	6
273	133	9
273	3598	8
273	1963	5
273	1308	9
274	2646	10
275	1064	8
278	2972	7
278	1450	8
282	902	9
284	2202	8
284	2215	8
284	2208	8
284	3757	6
284	1091	1
285	2238	10
285	1703	10
286	982	10
288	3315	9
288	3295	9
288	3817	8
289	3776	10
290	670	5
290	543	9
290	3747	7
290	3425	7
291	2113	10
292	922	5
292	1885	8
292	2743	7
293	394	8
293	2522	6
293	730	7
293	1180	5
293	1827	6
294	2505	10
294	1266	9
294	1724	10
294	3283	8
294	779	10
295	516	8
295	1640	8
295	2412	8
295	3095	7
295	3528	8
295	781	8
296	2266	10
297	3110	10
298	276	10
298	1298	8
299	372	5
300	1305	9
300	224	7
302	3448	8
305	2835	8
305	3796	7
306	1968	9
306	2669	9
306	651	10
306	3997	9
306	3524	8
307	325	10
308	2262	5
308	2063	9
308	2458	9
308	1541	5
308	3316	10
308	2988	10
308	2280	10
308	1907	5
308	1388	8
308	1510	9
308	718	9
308	3699	10
309	1875	8
309	424	6
310	1989	9
311	2667	10
311	290	10
314	1303	10
314	3616	9
314	750	7
316	374	8
316	3012	8
316	1265	7
318	2299	10
318	2480	8
318	3871	5
319	3397	6
319	1334	8
319	1891	7
319	1117	8
319	1146	7
320	852	9
321	3423	10
321	3634	8
322	3476	10
322	3363	10
322	2747	10
322	3318	10
330	2733	7
330	3048	8
331	2570	8
331	2298	9
331	1471	10
331	2729	10
331	2637	9
333	3954	10
333	3271	10
335	2279	10
336	562	7
338	1043	9
338	1053	8
338	1292	10
338	251	9
338	3352	7
338	792	8
338	1317	7
338	379	8
338	3646	7
338	2247	7
338	989	7
338	972	8
338	1100	6
338	3025	7
338	234	9
338	2434	9
338	61	9
338	3581	9
338	3345	9
338	3738	9
338	131	7
338	3371	7
339	3858	10
340	3291	9
340	2471	9
340	2752	9
340	3658	9
341	3622	10
342	3762	9
342	431	10
345	3871	7
345	1568	8
345	1594	9
346	1454	10
346	150	10
347	1318	8
347	1254	7
348	2933	5
349	3131	9
351	557	8
353	4023	8
353	3628	10
353	95	6
353	410	8
355	3341	6
355	699	8
355	1781	5
355	3382	8
356	554	8
356	780	9
356	362	10
357	3213	10
357	3699	10
357	2328	9
358	1440	10
359	1323	8
359	1317	8
362	3411	8
362	3025	7
362	3873	7
364	3292	8
365	1711	10
365	2977	4
365	840	8
366	3415	6
366	3040	6
366	2341	7
366	38	5
367	3423	4
367	699	9
370	2146	4
371	3220	10
371	3536	9
373	3413	4
373	2159	7
373	2256	9
374	1720	9
374	3433	8
374	1743	8
374	2084	9
375	1753	7
375	1565	7
375	396	9
375	3949	8
375	2755	8
375	2737	6
375	1778	10
375	2045	8
375	1575	5
375	1786	7
376	2770	10
377	3310	7
377	2150	8
377	47	9
377	1282	9
377	96	9
377	2611	8
377	3293	8
377	1239	6
377	663	8
377	2245	7
377	1349	9
377	304	8
377	3291	8
379	837	9
379	1673	6
380	42	7
380	1642	8
380	397	7
380	3546	7
381	542	9
381	2295	8
381	3406	8
381	3393	8
381	2274	8
382	535	5
382	2630	5
382	3162	7
384	3817	10
384	3113	10
384	3118	8
384	2498	9
385	1026	10
387	1724	1
387	1821	3
387	770	10
387	2625	9
388	1944	8
388	2832	7
388	2085	8
390	542	6
391	521	8
391	3884	9
391	1315	8
392	1602	7
392	1488	5
392	1805	7
393	417	8
400	1581	5
400	3911	7
401	919	6
401	871	5
402	1327	9
402	1305	7
405	2057	10
405	563	5
406	3702	7
407	2542	7
407	2779	6
407	2121	9
407	3648	10
407	321	8
407	2548	7
407	2242	9
407	2241	10
407	3675	10
409	2624	9
409	1805	7
409	3609	4
410	852	6
410	1236	8
410	1306	9
411	2893	10
411	3471	5
411	1425	10
411	1990	10
411	3085	10
411	2892	10
412	699	8
413	652	9
413	2733	5
413	3958	9
414	3942	5
414	3668	5
414	423	5
415	702	2
415	900	8
416	1337	10
416	3652	1
416	3560	10
416	2673	10
416	2451	8
416	96	10
416	249	10
416	3339	10
416	1357	10
416	354	10
417	419	8
417	113	8
417	105	9
417	587	9
417	3595	5
417	406	9
418	3390	9
418	825	9
419	3202	7
419	1624	6
420	2120	9
420	2735	6
420	2729	8
421	1131	9
421	1132	9
422	667	8
422	1075	8
422	3188	8
423	47	10
424	3114	10
425	1280	10
425	2681	7
425	1529	8
425	2888	9
425	2236	10
426	3232	10
426	2791	10
426	650	10
426	2570	10
426	1128	10
427	1201	7
427	1595	10
427	1254	8
427	2290	10
427	2468	10
427	1318	9
427	1664	7
428	3481	10
428	2438	10
428	1452	10
429	1745	5
430	3250	8
430	1983	7
430	3774	10
430	2308	7
430	3222	8
430	3548	7
430	1501	7
431	601	5
432	804	8
433	1390	10
434	318	8
434	3675	8
435	3717	8
436	646	9
436	3203	8
436	2752	10
436	697	9
437	646	8
438	604	7
438	2434	10
439	2951	10
439	417	8
439	1848	7
439	2140	8
440	2946	8
440	1729	9
444	1233	9
444	779	10
444	504	9
445	173	9
445	660	8
445	3025	9
445	3031	9
445	3845	10
446	646	8
446	3158	8
446	3086	8
446	3393	8
446	1532	8
446	3078	7
446	3429	10
449	1597	8
449	553	8
450	3702	9
452	2482	9
453	1981	6
453	1387	7
453	1	10
454	3011	9
455	696	10
455	1305	10
455	685	10
456	1718	7
456	2132	7
457	2082	10
457	2217	10
457	2831	5
457	2545	10
459	754	9
459	2807	9
460	1620	9
460	2784	7
460	2112	9
461	1026	8
461	3683	7
462	3620	8
462	700	7
462	341	8
462	390	8
462	1012	9
462	595	7
462	2470	7
463	2358	9
463	2370	8
463	487	8
463	1056	8
465	3826	10
465	54	7
465	4015	7
465	1099	8
466	1554	10
466	3811	10
467	2327	5
468	1734	7
468	1862	5
468	464	8
468	3447	4
469	2470	9
469	2476	7
470	0	8
470	1072	4
470	588	10
471	110	10
473	455	6
473	3335	5
475	2297	7
475	604	9
475	1745	8
475	2290	8
475	1528	7
475	2761	8
475	1513	8
475	1635	8
475	1268	8
475	1257	10
476	2625	10
476	3575	10
476	2736	10
476	979	10
477	2987	10
477	1016	10
477	1074	10
479	3494	6
480	3385	10
481	54	10
481	2461	9
482	1660	10
483	1946	8
483	2961	8
484	628	7
484	2702	8
484	3020	7
484	2671	9
484	3283	8
484	3873	9
484	3110	7
485	710	9
485	255	9
485	2507	8
485	1546	8
486	988	10
487	2191	7
487	2185	7
487	2119	8
489	1911	8
490	3481	8
491	1239	5
491	2147	7
491	2296	5
491	1217	7
491	1026	5
491	1003	7
491	96	9
491	44	8
491	1146	5
491	2586	9
491	1097	8
491	3684	5
491	1385	5
491	1312	8
491	3340	6
491	3615	6
491	156	6
491	3361	7
491	15	5
491	392	8
491	418	7
492	4033	8
493	2336	9
493	1013	8
493	3135	6
493	734	9
494	979	10
494	1311	5
496	2592	8
496	1772	6
496	2577	8
496	2709	7
497	965	10
497	104	10
499	134	9
499	3575	8
499	2376	8
499	903	8
500	3804	10
500	3799	9
501	148	5
502	3110	6
502	2619	8
502	806	7
503	3356	9
504	3983	10
505	1962	1
506	3581	9
506	2880	7
507	148	8
507	2258	10
508	3977	6
508	3490	7
510	1821	10
512	2964	5
513	3172	8
513	2256	7
513	3681	6
513	3369	5
514	1667	7
515	54	6
515	3279	9
515	2659	10
515	3213	9
515	3648	9
516	3940	9
518	154	10
519	2211	7
520	2682	8
520	2192	8
520	1516	6
523	321	8
523	2928	5
523	455	9
523	353	9
523	1816	7
523	3253	6
523	1330	10
523	3341	9
523	3620	5
523	2241	10
523	1526	8
523	270	9
523	556	8
523	1812	10
523	1238	10
523	1285	10
523	444	7
523	3669	6
523	3873	9
523	86	9
523	107	8
523	1462	10
523	2512	9
523	2048	7
523	3110	9
523	1838	10
523	3518	7
524	3126	9
524	2083	8
526	1851	9
526	977	8
527	2542	7
527	713	7
529	131	7
529	1866	7
529	3595	8
530	2513	10
530	131	8
531	2771	10
534	2319	8
534	4023	6
534	2121	5
535	2130	10
535	127	9
536	620	10
537	2581	8
538	1964	10
538	559	9
538	3470	10
538	3539	8
538	3987	8
538	2398	9
538	3590	10
538	3029	9
538	2593	9
538	1179	9
538	2996	10
538	1451	9
538	2100	10
538	1436	9
538	167	8
538	2088	8
538	3520	8
538	3931	8
538	2598	10
538	1433	9
538	30	5
539	2279	7
540	930	7
540	456	8
542	3851	8
542	1860	9
545	2108	9
545	2880	7
545	3102	8
545	1907	7
545	2302	9
546	3873	9
547	3543	10
547	2224	7
549	2293	9
549	2	10
549	561	8
550	3270	8
551	3041	9
552	2420	6
552	3702	7
553	1145	10
553	1281	8
553	2223	8
556	1281	9
556	2818	10
556	2659	10
556	695	7
556	684	8
556	1892	9
556	638	9
557	871	5
557	1122	10
558	2200	5
558	2150	8
558	3569	10
558	3350	8
558	448	8
558	1333	6
559	3121	7
560	3839	10
560	3774	10
560	1881	10
560	1882	10
561	2045	7
561	1901	8
561	3359	8
561	2490	8
561	3086	8
561	843	7
562	1814	9
562	3083	10
562	2112	9
563	3040	10
564	2063	9
564	180	6
564	1864	7
564	614	6
565	2494	10
565	2589	10
566	989	8
566	1854	7
567	1968	6
567	2078	8
568	1418	10
569	421	9
570	3099	9
570	1953	7
571	1960	10
571	2292	10
571	1860	10
571	2280	10
572	3423	10
573	1675	8
573	1756	8
573	3066	8
573	2043	6
573	3271	9
573	1745	9
573	241	10
573	1720	10
573	3396	9
573	3077	9
573	3222	9
574	2154	8
574	1504	6
574	1913	5
574	3509	6
575	341	8
575	2337	7
575	2297	8
576	2291	7
576	3102	7
578	2004	10
578	1328	7
579	1709	3
579	114	6
579	1732	1
579	3229	8
579	3780	8
580	1009	7
580	444	9
581	713	4
581	1327	8
581	972	8
581	3431	9
581	2451	8
582	2561	7
582	2275	10
582	143	8
582	3663	10
583	1752	10
583	507	7
583	840	7
583	2033	7
583	1069	8
584	3324	8
585	1296	4
586	1828	8
587	750	8
587	1496	8
588	460	10
589	690	8
590	1047	5
590	1700	5
590	2285	5
590	1550	5
590	1588	5
590	1031	5
590	1277	5
591	713	7
591	95	10
591	3658	8
592	3620	7
593	234	3
593	2745	6
593	1714	7
594	1844	7
594	2184	9
594	3256	10
594	1720	10
595	3340	8
595	3580	6
596	2584	5
596	918	7
599	3075	8
600	2806	8
601	2141	8
601	3268	10
601	2350	10
601	3683	7
602	2289	10
602	2346	9
602	3654	7
602	2934	9
603	27	10
603	2756	9
604	1195	3
606	3041	8
608	1756	8
608	1953	7
608	2832	7
609	3072	7
610	1872	9
610	2903	9
611	2831	6
611	2124	8
612	3432	9
612	2928	10
612	3879	10
612	2995	8
613	3293	8
613	827	7
613	2112	7
613	2733	9
613	745	9
613	748	8
613	2192	9
613	2695	10
613	3879	9
613	3874	9
613	2106	8
613	1509	7
614	1071	9
614	3410	8
614	2154	8
614	58	10
614	3818	6
614	3033	8
616	260	10
616	661	10
616	1305	10
616	599	10
616	1397	10
619	2410	9
619	2788	10
619	2317	10
619	230	9
619	1629	9
619	181	10
619	3046	10
619	3429	10
619	2725	10
619	3191	9
619	2549	10
620	3919	8
620	3359	5
620	3132	8
621	1397	9
622	593	7
622	3270	8
622	2327	6
622	2105	7
626	2003	8
626	3026	9
626	324	7
627	3105	10
627	903	8
628	3432	10
628	2610	8
628	3964	8
630	2784	7
635	1856	5
635	2562	10
635	1302	5
635	617	5
635	2561	10
635	2570	10
635	73	5
635	1294	6
635	2597	5
635	245	5
635	2767	10
635	1675	10
635	680	5
635	3295	5
636	2302	7
637	1503	7
637	1845	9
637	1942	5
637	2275	9
637	3103	8
637	133	9
638	1799	6
638	1821	7
638	1210	9
638	321	6
640	378	9
640	1720	9
640	2004	10
641	2012	7
641	134	7
641	2627	7
641	3982	7
641	106	8
641	1172	8
641	1293	9
641	3595	7
643	3660	9
643	393	8
643	328	10
643	390	10
644	1905	8
646	2884	9
646	1286	10
646	3653	9
646	1275	7
646	564	9
646	3344	8
647	1030	9
651	2136	9
652	2690	10
652	3452	10
652	125	8
653	3800	10
653	3806	5
655	3634	6
656	3255	9
661	2262	7
661	787	6
661	3321	5
661	724	5
661	2396	6
661	646	7
661	3747	7
664	2283	5
664	2031	5
664	1907	5
666	3705	8
667	2045	9
667	2023	9
667	2307	5
668	886	8
668	1254	7
668	2562	10
669	1009	8
669	3988	9
670	2479	10
670	779	9
671	1413	8
671	444	8
672	1323	8
672	125	8
672	1821	3
673	1738	9
674	444	10
674	2015	8
674	2121	9
674	2911	7
676	3673	7
676	3985	8
676	2649	8
676	2147	6
677	3364	9
678	3945	8
678	2511	7
678	2003	10
678	4027	5
678	2504	8
678	3986	8
679	1944	5
681	3429	8
681	2797	10
683	3689	8
683	307	7
684	3859	10
684	3717	10
685	2891	5
685	3913	5
685	2900	5
685	3888	5
685	2543	5
685	2743	5
685	2505	5
685	1089	5
685	1134	5
685	2570	5
685	4009	5
685	98	5
685	2709	5
685	925	5
686	2880	9
686	1056	8
686	3961	9
686	715	8
686	2342	9
686	2023	9
687	646	10
687	1678	8
687	3610	10
687	3871	9
687	985	10
687	1146	10
689	1444	8
689	820	8
689	1254	6
689	2097	8
689	2131	7
689	3246	7
690	1511	7
690	3177	7
690	136	7
690	2477	7
691	1196	10
691	2286	9
691	728	9
693	699	5
694	3387	8
695	1843	10
696	3954	9
696	4	10
697	1009	9
698	1329	7
699	3266	9
699	3195	10
699	3261	7
699	2043	7
699	3168	8
699	1796	9
699	1731	10
699	2533	8
699	3078	8
700	1254	7
700	3266	5
701	1862	8
701	18	9
701	2559	8
701	3408	10
701	1304	10
701	869	8
702	1317	7
703	1729	6
703	95	6
703	955	6
703	3034	10
703	2301	7
703	2261	8
703	3314	7
704	1341	5
705	903	7
705	3148	5
707	939	5
707	1412	7
707	191	5
707	2072	5
708	2083	8
709	2548	8
709	3944	9
710	125	8
710	2360	8
710	26	8
710	2063	8
711	1542	6
711	2408	7
711	1051	10
711	2041	7
712	3462	10
714	2181	8
714	1305	10
714	2382	8
714	3799	5
714	3562	8
714	1780	6
715	2004	8
716	964	10
717	138	10
718	1667	8
719	2211	8
719	1192	8
719	2504	7
719	3161	9
719	2507	7
719	2536	7
720	2531	8
720	2528	8
720	2927	8
720	137	8
720	2541	8
720	1943	7
721	2561	10
723	3329	7
723	378	8
724	1039	10
725	1368	8
725	1355	9
725	2434	10
725	3287	8
725	724	8
725	664	8
725	426	10
725	421	10
725	2665	9
728	3471	6
729	242	7
730	2477	7
730	2948	8
731	1286	9
731	2124	9
733	2702	8
733	1273	8
733	3457	9
734	745	8
734	2004	9
735	2297	10
736	288	7
736	1791	6
737	287	10
739	2628	7
741	450	6
744	3495	10
744	3380	9
745	3196	6
745	3514	7
745	2319	7
745	2592	7
745	3527	8
746	2509	7
747	2612	3
747	1069	8
747	623	7
748	2274	8
748	3229	8
748	2299	10
749	1858	7
749	2694	5
749	462	8
749	3086	5
749	33	7
749	3662	8
750	1286	8
750	2101	8
751	1781	8
751	730	8
752	504	4
752	1823	3
752	3794	5
752	1805	8
752	3535	7
754	2861	7
754	1759	9
754	1500	9
754	1510	8
754	2041	8
754	1493	7
754	3141	10
754	2336	8
754	699	9
755	571	7
755	2076	5
755	1546	7
755	1745	7
755	1473	8
755	3969	10
755	2085	7
755	1731	8
755	790	8
755	175	9
755	408	2
755	2386	7
755	2965	7
755	1940	7
755	1595	7
755	2605	7
755	3552	8
755	14	9
755	2188	9
756	1731	8
756	1711	8
757	3180	8
758	3909	5
758	2885	10
758	3752	8
759	992	7
759	462	6
759	978	9
760	2940	6
760	2341	9
760	537	8
760	2343	9
760	546	4
760	2698	8
761	466	8
761	1460	7
762	1382	8
762	3696	8
764	1311	8
764	2940	5
764	403	7
764	3475	6
765	2503	6
765	1690	8
765	2327	6
769	2752	9
769	1727	8
769	1078	8
769	1720	8
769	95	9
769	2729	10
770	3476	8
770	2112	7
770	443	8
770	398	9
770	652	10
771	1009	8
771	2419	8
773	1590	9
773	945	7
774	3101	5
776	751	7
776	617	9
776	745	9
777	2003	9
777	2124	10
777	2395	10
778	1889	10
781	1518	7
783	2999	9
786	2871	6
786	1315	7
786	2224	5
786	2750	10
786	969	7
786	2045	10
787	1227	7
787	1404	5
787	3991	7
787	572	10
787	777	8
787	389	10
789	3798	5
789	1991	5
789	2882	5
789	2291	5
789	3061	5
789	1236	5
789	762	5
789	3801	5
789	198	5
789	2710	5
789	1056	5
789	1970	5
789	1627	5
790	1351	7
790	2027	5
790	403	8
790	3410	8
791	391	10
791	3545	10
792	2723	10
792	2462	9
792	444	9
792	3083	7
792	2045	10
792	455	8
793	1511	7
793	2764	8
793	321	9
793	2749	7
795	2471	6
795	838	8
796	933	9
797	525	7
797	150	7
798	640	8
798	2474	8
799	3293	10
799	3376	7
799	3061	7
799	2754	9
799	3372	10
799	2760	7
799	3280	6
800	3050	10
800	2074	10
801	2082	10
801	1518	9
801	3786	6
801	576	7
801	3602	7
801	1302	8
801	3218	8
801	3445	9
803	3013	10
804	3058	6
804	3684	5
804	957	9
804	702	10
804	1023	9
804	969	10
805	2124	9
805	110	5
806	1220	9
807	3686	9
809	3879	8
809	566	8
810	72	9
811	2726	8
811	3069	10
811	556	7
811	1056	10
812	444	9
815	3611	4
815	3873	10
815	3980	10
815	1728	5
819	2822	9
819	844	8
819	1031	8
820	3996	7
821	3132	6
821	1074	10
822	3675	10
823	858	9
824	1308	8
824	1269	8
825	1189	5
825	617	9
827	3968	9
827	661	8
827	290	7
828	1816	6
828	308	7
828	4021	8
829	2625	9
829	1258	9
829	1085	9
830	3129	9
830	2082	5
830	992	5
830	2318	5
830	2045	9
830	471	5
830	1674	10
830	3429	9
830	3270	5
832	1517	9
832	3766	7
833	973	6
833	340	5
833	31	7
834	1583	6
834	2208	7
835	3956	7
835	1720	10
837	1199	10
839	944	10
839	2063	10
840	704	8
841	2147	7
842	3758	8
843	2290	8
843	4017	10
843	1308	7
843	777	1
843	3990	10
846	270	10
846	3270	8
846	3732	8
846	3275	5
846	585	10
847	1881	8
847	2534	7
848	2335	10
849	3272	8
850	2026	6
850	1756	7
850	534	8
850	3942	8
850	12	7
850	104	9
850	3772	10
852	33	2
853	3723	7
854	104	10
858	2839	8
858	1420	8
858	280	5
859	3201	7
859	269	5
860	3769	8
860	2838	4
862	453	8
862	3059	8
862	464	9
863	3746	9
863	1436	9
865	539	9
865	992	5
867	2521	9
867	2900	10
867	2725	10
867	1173	9
867	1014	5
867	3217	9
867	3233	9
867	2712	10
867	2963	10
867	1207	9
867	3160	10
867	1426	10
867	148	10
867	3460	9
867	2343	10
867	1183	6
867	3272	8
867	3502	9
867	992	9
867	1128	9
868	1962	8
868	1975	7
868	1437	8
868	884	7
868	887	8
869	1781	6
871	1271	10
871	1542	10
871	1917	10
871	1944	10
872	577	5
872	3942	9
873	2859	8
873	1571	8
875	969	9
878	1172	10
878	2290	10
878	2157	9
878	3352	8
878	2427	7
878	453	10
879	1442	10
880	1782	8
880	2215	9
880	2081	5
880	1078	7
881	3800	10
881	1500	10
882	1170	10
882	3679	10
882	2966	10
882	3895	10
883	2418	8
883	2156	7
884	937	9
884	2764	8
884	2208	8
885	2449	5
886	1302	10
886	3072	10
888	2995	8
888	176	9
888	1693	7
888	105	7
889	1254	6
890	1551	7
890	2916	8
890	3466	7
890	2832	7
890	1731	6
890	2357	7
890	3136	6
890	1463	6
890	1798	8
890	1369	6
890	664	6
890	2318	7
890	2080	7
890	2327	5
890	3640	6
890	1521	6
890	2950	8
890	2927	8
890	1720	6
890	2575	5
890	1486	7
890	3084	5
890	2641	8
890	2967	8
890	2208	6
890	2190	7
891	744	6
891	1712	8
891	1518	8
891	1286	9
891	1536	8
891	2306	7
893	3437	8
893	211	8
893	2206	7
893	2606	8
896	1144	9
896	2168	9
896	2796	7
896	1625	7
897	3410	8
898	3315	8
898	2584	8
899	1866	9
899	2567	9
901	1146	7
901	2616	10
902	572	8
902	319	10
902	1474	5
902	1496	5
902	1817	8
903	3403	7
904	2342	7
904	2276	8
904	3417	8
905	3226	10
905	1877	8
907	2368	8
907	1009	10
907	137	5
907	2385	10
909	2654	9
909	1452	7
909	3351	5
912	1324	8
913	1621	7
914	2397	9
914	1009	9
915	963	9
917	3668	9
918	215	8
918	839	9
918	1819	9
918	1851	8
918	985	5
918	552	7
918	131	5
918	2162	9
918	3686	10
918	1627	8
919	2766	9
920	1877	10
920	1300	9
921	1751	8
924	3472	8
924	2295	10
924	3283	9
924	803	5
924	2291	10
924	2846	9
924	1953	9
924	1731	9
924	2271	9
924	1894	10
927	2345	9
927	2561	7
927	433	6
927	1912	6
927	2065	6
927	2563	6
927	2343	9
927	3453	7
928	2217	8
928	2530	7
928	2047	5
928	1600	9
928	630	8
929	1254	6
930	1151	9
931	2739	9
931	2410	8
931	1779	7
931	2438	5
931	3505	8
931	2216	8
931	1254	6
932	2810	7
932	691	8
933	2804	9
933	1793	8
934	3887	6
936	3936	10
937	2584	10
937	916	8
937	1821	8
937	2623	6
937	1261	8
937	852	8
937	992	7
938	3408	5
938	616	6
938	3728	6
938	3784	8
938	1244	6
938	417	6
938	1881	6
938	1639	8
938	631	6
939	2297	5
939	1891	5
941	1998	9
941	1380	8
941	3719	10
942	543	8
942	244	10
942	958	8
942	1724	9
946	945	5
946	1262	10
946	3871	3
947	2736	9
948	2753	10
948	3871	1
948	252	10
948	2741	10
949	1524	8
949	1489	7
949	1282	8
949	1033	7
949	3016	8
950	2723	8
951	3081	8
951	571	6
951	3233	8
951	1759	10
951	2975	8
952	245	10
952	303	7
955	1327	7
955	3300	3
956	1705	5
956	618	5
956	675	5
956	357	5
957	3257	8
957	2839	7
958	2799	9
958	2779	9
959	2927	7
960	2146	6
961	3472	7
961	3438	10
961	1027	10
961	721	8
965	383	10
967	1720	9
968	2553	7
969	3836	9
969	469	7
969	1704	4
969	2502	6
969	2513	6
970	2845	10
970	11	6
971	2146	9
973	3756	10
974	3416	8
974	1501	10
974	3191	8
974	604	8
974	1848	9
975	444	10
975	3252	10
976	391	9
976	1821	9
976	2171	10
977	3679	9
977	504	8
978	652	8
981	1857	10
982	1342	9
982	1681	9
982	250	10
982	1795	5
983	1059	7
983	2140	7
985	54	8
985	2438	9
985	2805	7
986	1869	6
988	444	8
988	3452	8
990	613	10
990	2128	6
990	369	9
990	1364	8
990	252	9
991	1014	8
992	2044	8
992	1832	7
992	1827	5
993	3693	8
993	2638	5
995	821	9
995	552	8
997	2879	8
997	3674	7
997	3048	6
997	735	7
1000	652	10
1003	1803	10
1006	2303	9
1006	2311	9
1006	965	9
1007	2128	7
1007	2577	8
1007	2598	10
1009	903	10
1010	3726	7
1010	1049	9
1010	617	8
1010	648	9
1010	1117	8
1010	3336	7
1010	674	7
1010	1878	10
1011	2293	8
1011	2057	5
1011	1158	9
1011	3091	8
1011	405	7
1011	3653	9
1012	2559	7
1012	920	7
1012	2907	7
1012	3920	6
1012	918	7
1013	3808	8
1015	847	8
1016	2226	8
1017	968	10
1017	3394	8
1018	1452	7
1018	58	3
1018	2574	5
1018	2469	7
1018	2032	5
1018	584	7
1018	869	7
1019	80	8
1019	3325	5
1021	3076	10
1021	458	1
1021	2382	10
1021	464	10
1021	2624	10
1021	1532	9
1022	3772	10
1023	888	10
1025	294	10
1027	3990	8
1028	3865	9
1028	1861	7
1028	3859	10
1030	3889	8
1031	3207	8
1031	3860	9
1032	139	8
1032	1907	9
1037	2796	8
1037	2257	9
1038	1273	7
1038	667	9
1041	3192	10
1041	1220	9
1041	2133	10
1045	253	9
1046	391	10
1046	1022	8
1049	1110	9
1049	846	10
1049	2372	9
1049	854	9
1050	3703	9
1051	44	5
1051	1441	9
1052	1514	3
1052	3200	10
1053	692	10
1056	1782	5
1056	644	8
1056	2170	7
1057	1336	5
1057	1088	6
1058	1580	6
1058	1117	7
1058	2068	7
1058	1852	9
1058	2294	10
1059	3086	3
1059	2004	9
1059	2588	6
1059	1321	9
1059	1810	8
1060	3015	8
1061	2884	10
1061	2887	6
1062	1014	9
1062	487	6
1063	3114	8
1063	2297	7
1063	3113	8
1063	3049	9
1064	1406	8
1064	3016	9
1065	3035	5
1065	3314	5
1065	2343	9
1065	3043	5
1065	3039	5
1067	552	9
1067	2515	9
1067	2532	8
1067	1917	9
1071	2687	1
1071	760	5
1072	3729	7
1072	1029	9
1073	861	7
1073	1452	9
1073	445	8
1075	3930	9
1075	2966	9
1075	1829	8
1075	2068	9
1075	3101	10
1076	2603	8
1077	2822	8
1077	2230	8
1077	3436	5
1077	3964	8
1077	3321	5
1077	3275	8
1078	275	10
1079	1610	5
1081	236	6
1081	1488	5
1081	123	7
1081	2470	8
1086	1346	10
1087	1880	5
1087	1490	6
1088	3039	5
1088	3036	5
1088	2298	5
1088	3456	5
1088	1324	8
1088	3130	8
1088	1223	5
1088	259	5
1089	563	4
1091	1746	10
1091	4001	7
1095	2322	8
1095	1914	7
1095	683	8
1095	2876	7
1095	1569	7
1095	2226	9
1095	71	8
1095	3501	7
1097	2720	9
1100	3268	9
1100	3132	8
1100	2695	9
1100	371	8
1100	1273	8
1100	797	8
1100	2219	8
1101	3761	6
1101	3373	9
1101	3075	8
1101	772	5
1101	1324	4
1101	3372	9
1101	958	9
1101	543	9
1103	1948	4
1104	1439	8
1104	1162	8
1104	3137	7
1104	2648	10
1104	1271	10
1105	1060	7
1105	581	6
1105	2324	4
1105	3129	8
1106	3393	8
1107	2762	9
1107	3113	10
1107	495	8
1108	314	7
1108	545	7
1109	3982	8
1111	2064	8
1111	2392	8
1111	814	8
1111	2533	7
1112	455	8
1112	1318	7
1112	3628	3
1112	3380	7
1112	772	5
1112	1684	7
1115	1118	7
1115	3727	8
1115	636	7
1116	3617	9
1117	1281	8
1117	992	9
1117	2819	5
1118	1065	7
1119	1924	7
1119	2761	7
1119	521	10
1119	2932	10
1119	2271	9
1119	1717	9
1121	3983	8
1121	837	10
1121	2779	5
1123	3433	8
1123	3479	9
1123	971	9
1123	1729	9
1123	2742	10
1124	2741	9
1130	2719	9
1131	531	5
1131	584	5
1131	971	7
1132	2072	8
1133	3268	8
1134	2177	6
1134	444	8
1134	834	8
1134	2554	7
1134	2379	8
1134	3410	8
1134	1759	5
1134	3861	8
1134	2054	9
1134	1688	6
1135	1342	10
1136	1532	10
1136	1741	9
1137	2757	8
1137	1957	7
1137	1704	7
1138	3924	7
1139	2811	7
1139	15	7
1140	1220	6
1141	3511	6
1141	862	6
1142	2797	7
1142	1273	6
1143	4046	9
1143	4048	7
1144	3664	5
1145	2069	6
1145	3639	6
1145	2592	7
1146	1082	8
1146	3859	3
1148	3773	7
1149	3261	7
1149	3100	8
1151	68	8
1151	2475	8
1153	3765	10
1154	1324	8
1154	1012	7
1156	906	9
1156	2584	10
1157	1946	3
1158	1348	5
1158	2641	10
1160	2336	5
1160	2927	6
1161	324	7
1161	2005	9
1162	35	9
1162	3658	8
1162	444	10
1162	3377	9
1162	1014	7
1162	732	10
1162	846	9
1162	956	9
1162	3159	7
1162	2745	8
1162	1244	7
1162	328	10
1162	1041	9
1162	1044	10
1162	103	7
1162	680	8
1162	2299	10
1162	1012	9
1162	2095	7
1168	1099	10
1168	1081	8
1168	1163	6
1169	3960	8
1169	80	7
1169	3926	10
1170	124	9
1170	317	9
1170	1693	10
1171	1330	8
1174	2201	9
1175	2494	10
1179	1251	7
1179	1827	8
1179	2072	8
1179	3132	8
1179	1026	9
1183	905	7
1183	840	10
1183	3937	8
1184	724	7
1185	4006	9
1186	1859	6
1187	11	7
1187	585	5
1187	3615	7
1187	3801	10
1187	835	8
1187	3953	5
1188	1402	10
1188	2350	6
1188	992	10
1189	658	8
1189	605	6
1189	2218	7
1190	95	8
1190	3110	9
1190	1796	8
1190	1305	10
1191	292	10
1191	125	9
1191	1692	10
1192	2230	4
1192	3615	6
1192	2562	5
1192	2623	8
1192	3533	7
1193	3291	8
1193	1890	6
1194	2275	7
1194	2933	7
1195	1021	8
1195	3733	9
1195	3723	9
1195	3873	9
1195	1887	7
1195	391	9
1196	2332	5
1197	1113	8
1197	951	9
1198	1358	8
1198	1007	10
1199	125	7
1199	1792	8
1199	2120	7
1200	2880	8
1200	108	7
1200	3171	9
1201	1264	9
1201	1969	9
1201	1285	8
1201	1012	7
1202	2879	10
1204	1708	6
1204	3702	10
1204	2467	6
1205	3954	10
1206	3462	10
1207	1112	10
1207	3980	10
1209	3062	7
1209	2452	8
1209	1227	7
1209	779	7
1210	1088	8
1212	2034	9
1216	654	10
1217	3125	10
1217	1638	8
1217	1605	10
1217	1635	6
1217	2047	10
1217	803	5
1217	471	10
1217	2106	10
1219	1227	9
1219	563	10
1220	1035	10
1221	3500	10
1221	1742	9
1223	1318	5
1223	2004	9
1223	2165	9
1223	3620	7
1224	1465	9
1225	2659	8
1225	867	10
1225	730	8
1225	460	8
1225	1837	9
1225	1675	5
1225	3743	8
1225	1160	8
1226	3954	10
1228	290	5
1229	1305	8
1230	3099	5
1230	2082	5
1230	723	5
1230	2076	5
1230	2710	5
1230	2221	5
1231	2087	8
1231	1816	9
1232	1517	5
1232	3268	6
1233	471	9
1234	661	9
1234	2843	10
1235	4028	5
1235	2238	10
1235	3961	10
1236	1992	7
1236	3340	3
1236	2057	3
1236	2917	5
1236	1729	8
1236	2541	6
1236	2544	8
1236	442	5
1236	546	4
1236	937	4
1237	2202	9
1237	391	10
1237	2720	8
1237	453	8
1239	2597	6
1239	3652	8
1239	2881	8
1239	604	8
1242	3205	6
1242	3713	9
1243	1878	5
1244	3275	6
1244	391	10
1246	681	5
1247	3871	3
1247	110	10
1247	3699	10
1247	1205	10
1247	3322	9
1249	1014	8
1249	460	7
1249	662	8
1249	3486	8
1249	3340	8
1249	316	10
1250	2880	10
1251	709	9
1252	2835	9
1252	124	8
1252	2124	4
1256	3111	6
1257	1548	6
1257	1021	8
1257	1821	8
1257	1866	8
1257	2115	6
1259	2237	9
1259	259	10
1259	466	9
1260	1442	9
1260	2637	9
1260	3476	7
1260	1003	7
1260	3030	8
1260	848	7
1260	3814	9
1261	3621	5
1262	3974	10
1262	117	9
1262	3631	7
1262	454	7
1262	403	10
1262	1436	6
1262	534	10
1262	573	5
1262	956	8
1264	2044	9
1264	3864	8
1264	1120	9
1265	403	9
1265	1146	8
1265	783	10
1265	3423	5
1265	1014	5
1265	446	10
1267	2480	5
1267	3705	6
1267	394	5
1267	2120	7
1267	777	9
1267	663	8
1267	3461	8
1268	992	9
1268	387	8
1268	984	7
1268	1012	8
1268	1685	10
1271	315	9
1271	1358	9
1272	752	10
1272	687	1
1273	1817	10
1273	932	7
1273	2627	9
1273	1321	3
1273	2957	10
1275	2130	10
1275	737	7
1275	1688	5
1275	1284	10
1275	1438	10
1275	1595	10
1275	1731	10
1275	2156	10
1275	1637	10
1278	3417	10
1278	837	10
1279	3628	6
1279	3060	7
1279	803	5
1279	2208	5
1280	2082	7
1280	1771	8
1280	1397	9
1281	2977	10
1284	985	10
1284	3614	10
1285	1468	10
1286	1476	5
1286	1734	10
1286	3470	8
1286	2435	8
1287	1548	8
1288	1897	9
1288	3844	8
1288	618	9
1289	798	10
1291	1589	7
1291	3773	8
1291	3829	8
1291	259	5
1292	2577	9
1292	875	8
1292	871	8
1292	2570	9
1292	2547	8
1292	3869	9
1293	1594	8
1293	1539	7
1293	1473	7
1293	646	7
1293	1480	9
1293	1532	9
1293	1500	9
1293	2927	5
1293	1487	9
1293	1502	8
1293	1898	7
1293	1491	8
1293	1690	10
1294	1440	8
1295	383	8
1296	2572	7
1296	2064	8
1298	2909	6
1299	3988	10
1299	3076	8
1299	1208	7
1299	3114	9
1299	1175	8
1299	2980	1
1299	1161	7
1299	3241	9
1299	3168	5
1300	466	10
1300	1962	9
1301	1957	8
1302	537	10
1302	3477	10
1302	1206	10
1302	1305	10
1302	900	4
1302	616	10
1304	699	7
1304	564	8
1304	86	8
1304	3584	7
1305	3942	5
1307	3796	9
1308	2374	7
1310	2380	5
1311	3980	9
1311	1286	10
1312	1328	10
1312	3879	9
1312	1100	10
1312	444	10
1312	2586	8
1313	3315	7
1314	417	10
1314	1404	9
1314	3132	10
1315	1473	8
1315	1686	5
1315	1308	8
1316	543	7
1316	87	7
1316	1146	8
1316	681	9
1316	1500	7
1316	2035	1
1318	1518	9
1318	1103	9
1318	1762	7
1318	2089	8
1318	1796	8
1318	1753	8
1318	1488	9
1320	3202	6
1321	826	8
1321	1745	9
1321	1539	8
1324	847	8
1324	1189	9
1325	3594	9
1325	1272	8
1326	54	10
1326	3619	10
1326	2517	7
1326	3855	10
1328	2034	8
1328	156	10
1328	3647	7
1328	3040	6
1328	1780	8
1328	171	8
1328	1901	9
1328	172	9
1328	1483	10
1328	2660	9
1328	3524	7
1328	1056	8
1328	1892	8
1328	2517	7
1329	848	9
1329	820	9
1329	2833	8
1329	1497	5
1329	1192	9
1329	1974	7
1329	533	9
1329	2269	8
1329	2998	5
1329	1901	9
1330	3060	8
1330	1997	6
1330	2082	8
1330	3416	6
1331	3654	3
1331	1720	5
1331	664	7
1331	1056	5
1332	1722	7
1333	2533	5
1333	3756	8
1334	537	9
1334	3632	5
1335	2044	8
1335	2185	7
1335	3850	5
1335	942	10
1336	2459	10
1336	3615	10
1336	3696	10
1336	3940	10
1337	2667	8
1337	1094	9
1337	1811	6
1337	31	8
1337	2749	5
1337	2545	7
1337	273	5
1337	2873	8
1337	1775	8
1338	514	5
1338	2480	9
1341	3511	8
1342	1305	7
1342	1313	7
1343	2043	5
1343	1984	6
1343	1691	10
1344	3288	8
1344	713	8
1348	2015	8
1348	3857	8
1348	356	10
1348	1861	9
1348	1068	9
1349	1097	8
1350	873	8
1350	1050	8
1355	264	10
1355	2624	6
1355	792	6
1355	236	10
1356	3653	8
1356	2189	9
1356	1718	8
1356	2950	7
1357	1420	10
1357	1190	7
1358	1710	5
1358	2647	5
1358	45	5
1360	1111	7
1360	1771	10
1360	3155	10
1360	2248	8
1364	575	8
1365	126	10
1365	983	5
1365	2124	10
1366	1753	5
1367	4044	7
1368	1326	9
1369	617	9
1372	1218	10
1372	1539	6
1372	1796	8
1372	2324	6
1373	2292	10
1373	1085	10
1373	1819	9
1373	3123	10
1374	1207	10
1374	1187	9
1374	1116	8
1375	2461	9
1376	1745	7
1376	3677	10
1376	2240	7
1376	3632	8
1376	3126	9
1376	2287	7
1377	3280	10
1378	549	7
1378	402	6
1378	1300	8
1378	95	8
1381	2982	10
1381	2951	10
1383	3963	8
1384	1277	8
1384	122	8
1384	646	7
1385	2136	6
1386	3680	6
1387	3341	9
1387	1827	7
1387	3144	4
1388	2434	9
1388	2642	8
1388	3110	9
1388	3462	7
1388	1337	8
1389	3487	9
1390	679	10
1391	3680	10
1391	1548	9
1391	2944	10
1392	58	10
1392	2406	10
1392	2555	10
1394	1827	10
1394	1541	10
1397	3341	6
1397	376	10
1399	3662	9
1400	713	8
1400	931	7
1400	3595	8
1401	3429	10
1401	3796	7
1401	1742	10
1402	1053	10
1402	31	5
1402	2342	5
1402	3241	5
1405	2729	10
1406	2751	3
1407	2497	8
1407	157	9
1407	2093	7
1407	360	10
1408	3801	9
1409	986	6
1409	1304	8
1409	1333	10
1409	464	10
1409	3022	9
1409	1293	9
1409	1110	8
1409	3432	10
1409	122	10
1410	2290	10
1411	1763	9
1411	3639	7
1411	3461	9
1411	110	9
1412	1068	8
1413	1901	5
1413	3639	7
1414	2440	8
1415	3531	7
1416	2082	10
1416	787	6
1417	301	10
1418	1212	9
1418	2074	9
1418	2952	9
1418	2584	10
1418	1177	10
1419	1209	10
1419	2979	10
1419	73	9
1419	2976	9
1419	1582	10
1419	2980	10
1420	2160	8
1420	2137	8
1420	772	7
1422	1305	8
1423	111	9
1423	2692	7
1423	582	6
1423	3432	7
1423	384	7
1424	1894	9
1424	609	9
1424	2505	8
1424	2889	7
1424	616	9
1424	3847	5
1424	1215	7
1424	1547	8
1424	1536	9
1425	1515	8
1426	1799	9
1426	1779	8
1428	1309	9
1429	1268	7
1429	1271	7
1430	1950	10
1431	3848	7
1431	3791	7
1434	3144	6
1435	26	6
1437	3083	9
1440	2751	7
1442	450	5
1442	1616	5
1442	1598	5
1442	1599	5
1442	3127	5
1442	214	5
1442	1575	5
1442	3212	5
1443	1725	9
1445	721	9
1446	2625	6
1448	1327	9
1448	437	8
1448	417	10
1448	3741	6
1449	667	5
1449	3871	1
1451	7	8
1451	3142	7
1453	2794	10
1453	3873	8
1453	3625	5
1453	1316	1
1453	2784	10
1453	1796	5
1454	1714	8
1454	2470	8
1454	103	9
1454	1289	6
1454	2476	7
1454	812	8
1454	1889	9
1457	2098	8
1457	2952	8
1457	1935	7
1458	709	9
1458	2781	7
1458	3595	6
1458	1641	8
1458	1896	8
1458	2190	8
1458	2917	7
1459	1478	5
1459	3183	5
1462	1630	7
1463	331	6
1463	383	10
1464	3598	9
1464	4027	5
1465	600	9
1465	1461	10
1465	3034	9
1465	1373	9
1465	2020	10
1467	3210	10
1468	2731	9
1469	155	9
1469	1375	8
1469	1608	6
1469	3879	10
1472	1348	8
1474	395	9
1474	3531	7
1474	3299	6
1474	3965	5
1474	104	9
1474	1311	6
1476	361	10
1476	3675	8
1477	3055	5
1477	1734	10
1478	1640	5
1478	543	10
1478	2282	5
1478	2292	9
1479	1640	8
1480	2523	9
1480	2267	10
1480	692	10
1480	632	10
1480	616	10
1480	3719	10
1480	685	10
1480	626	10
1482	3538	8
1483	432	9
1484	3548	5
1484	2607	10
1484	1855	6
1484	2603	10
1485	2422	10
1485	1156	9
1485	2839	9
1485	1804	8
1486	1228	9
1486	2202	9
1486	2302	9
1486	1295	8
1486	3528	9
1486	2343	10
1486	3105	9
1486	2009	7
1486	2873	9
1487	662	10
1488	2124	10
1488	3871	1
1488	2130	10
1489	1813	8
1489	1738	10
1492	3354	9
1494	2067	6
1494	3686	6
1494	1900	8
1495	3597	1
1496	837	9
1496	2353	10
1496	1882	10
1497	368	10
1498	3962	9
1498	3341	9
1498	3983	8
1498	1072	7
1499	537	6
1499	652	8
1500	1095	9
1500	1284	8
1501	362	6
1502	3410	6
1503	1719	9
1503	1895	7
1504	2227	6
1504	3727	8
1504	149	8
1504	2185	8
1504	1497	8
1504	3944	7
1504	1496	7
1506	1	8
1507	843	7
1507	258	7
1507	1693	10
1508	96	9
1509	397	4
1509	1180	10
1511	2920	6
1511	2360	7
1511	826	8
1512	2124	9
1512	397	7
1512	3271	10
1512	933	10
1513	1753	8
1513	1951	8
1513	3545	8
1513	44	8
1514	1693	3
1514	3746	6
1515	439	8
1515	2667	10
1516	684	6
1516	471	7
1516	1136	4
1516	634	8
1516	742	6
1518	2074	10
1519	265	5
1519	1323	6
1520	926	6
1521	2380	3
1523	1078	7
1523	1779	7
1524	3707	8
1524	110	7
1524	1452	9
1525	19	9
1525	30	8
1525	67	8
1525	1173	5
1525	2423	9
1525	995	8
1526	3807	8
1526	2108	7
1526	1851	8
1526	2406	8
1527	1773	10
1527	604	9
1528	464	10
1528	831	8
1530	110	9
1530	1871	7
1530	2581	7
1531	2131	6
1532	1100	6
1532	3292	10
1532	87	6
1532	3199	7
1534	435	9
1534	3766	8
1534	1473	8
1535	1461	9
1536	543	9
1537	3498	7
1538	779	9
1538	737	8
1538	488	7
1539	691	5
1539	995	8
1540	3239	5
1540	2887	7
1540	453	9
1541	2865	5
1541	1249	8
1542	2317	7
1542	1711	10
1542	1811	3
1543	798	6
1544	1753	9
1545	3595	4
1545	2121	9
1545	95	6
1547	1281	7
1547	584	5
1547	2477	9
1548	2804	8
1548	1769	6
1549	2593	8
1550	2323	5
1551	1286	8
1551	3359	8
1554	2663	7
1554	3256	10
1554	455	8
1555	1474	6
1555	995	6
1555	3712	10
1555	1880	8
1555	2428	9
1555	1954	9
1556	1491	6
1556	2978	10
1557	1460	10
1557	3974	10
1558	3836	10
1558	3702	10
1558	459	10
1558	1816	6
1558	646	8
1560	3077	4
1560	3878	9
1560	3869	8
1560	3485	9
1560	3416	8
1560	3680	9
1560	3871	2
1560	3410	7
1561	3471	7
1562	3658	8
1562	394	9
1562	1317	10
1563	406	9
1564	2278	9
1564	3538	6
1564	3124	10
1567	2470	9
1567	434	8
1569	913	5
1569	2528	5
1569	1187	5
1569	2597	5
1569	917	5
1569	2549	5
1569	1983	5
1569	3817	5
1570	1805	10
1570	3326	5
1571	2631	9
1572	245	9
1572	3525	8
1572	104	9
1572	982	6
1572	2622	9
1572	2368	6
1572	466	7
1573	2045	4
1574	1223	10
1574	815	10
1574	1121	10
1574	3046	10
1574	3220	10
1574	650	10
1574	725	10
1574	1134	10
1574	3842	6
1574	971	10
1576	2878	8
1576	3697	10
1576	1627	7
1576	2216	10
1576	1750	10
1576	2067	8
1577	2061	6
1579	1851	8
1579	1898	10
1579	1065	8
1580	664	7
1580	2620	8
1581	1324	9
1581	1220	9
1581	1693	9
1581	2713	10
1582	3031	9
1582	941	9
1582	3874	8
1583	3518	8
1584	1281	9
1584	2073	10
1584	2896	9
1584	2480	6
1584	1476	9
1586	1534	7
1588	3589	8
1589	3092	5
