290
54
388
967
209
215
874
1176
1295
1343
105
712
961
561
578
640
773
774
1419
1471
1488
1567
985
1496
1039
686
104
136
187
230
241
335
354
378
443
865
1027
1065
1092
1386
1511
36
52
637
1286
669
1117
168
1265
1499
190
465
1273
1572
35
245
260
305
307
441
471
499
559
568
592
651
722
756
839
840
1079
1145
1188
1277
1283
1342
1415
1536
462
321
1576
789
33
77
460
553
881
526
939
1268
151
15
119
125
296
845
869
965
1201
1446
1587
115
776
1428
1187
117
333
524
563
818
1383
1435
1006
1304
1344
1474
29
1243
42
51
68
107
111
192
313
340
366
412
497
575
615
624
657
673
769
806
851
986
1005
1076
1312
1359
1413
1414
1426
1483
1548
180
1073
1279
1453
1512
1289
259
261
535
1200
747
1297
1455
141
1267
308
1195
243
270
360
401
795
1259
1521
1532
1293
751
1540
3
11
184
268
423
484
670
710
805
809
1052
1236
1284
1486
1101
1121
90
103
198
438
515
791
1378
240
997
1377
614
1179
790
203
275
434
496
517
723
820
873
910
1019
1134
1155
1168
1173
1213
1219
1239
1322
1332
1351
1411
1422
1531
1318
1526
205
835
672
1191
1231
1321
1021
2
419
549
653
807
834
902
1242
1507
249
1494
84
306
858
1058
89
197
391
1291
1504
13
123
202
248
381
516
586
632
666
690
737
787
952
1038
1040
1077
1142
1154
1224
1233
1245
1366
1436
1490
1498
1510
1528
1573
338
491
1337
891
626
1358
1376
428
459
716
758
760
1388
39
449
643
0
23
145
375
394
429
437
486
678
704
734
828
878
883
1045
1138
1315
1430
1075
731
558
583
284
810
1132
402
396
548
571
608
827
950
1136
1160
1425
1579
1588
928
560
1105
1325
977
95
534
576
671
720
919
946
957
1192
1255
1355
1479
641
24
70
191
425
693
796
1100
1524
1465
109
235
700
708
1320
1401
707
1333
32
1555
76
714
798
1050
1015
273
444
822
949
523
113
120
199
1089
1107
1256
1112
31
661
570
309
1513
1556
749
1584
1338
1418
937
121
265
1316
12
21
40
48
58
73
85
88
93
102
127
132
135
153
158
165
178
211
213
216
218
223
227
234
304
324
337
343
345
346
372
393
404
442
464
473
494
500
505
508
521
527
543
554
562
591
607
628
629
630
634
636
652
656
688
692
739
742
746
757
780
792
812
816
824
829
831
836
843
844
864
877
886
897
917
921
923
930
935
942
959
963
996
998
1020
1028
1034
1046
1057
1070
1078
1083
1094
1098
1116
1125
1150
1175
1183
1199
1203
1211
1214
1215
1232
1238
1241
1249
1270
1271
1302
1305
1306
1340
1363
1384
1432
1438
1439
1449
1451
1460
1462
1497
1516
1517
1537
1539
1541
1562
1570
17
830
613
1356
1459
224
1088
1033
579
250
1402
237
1445
1246
25
314
1334
22
282
529
1261
1328
430
407
71
226
458
764
781
1365
573
369
373
530
694
974
1518
436
893
1235
162
188
201
318
617
837
848
1111
1301
1370
1477
1292
1272
1467
293
1252
1431
918
101
186
221
280
364
415
418
481
572
595
620
1042
1223
1282
1319
1362
1010
1454
155
319
990
81
1225
1534
38
134
154
229
311
349
539
616
679
705
736
973
1009
1016
1375
1308
146
725
1210
1523
1162
884
924
1
28
200
466
513
600
642
655
761
777
1059
1124
1196
1197
1217
1266
1341
1586
1330
322
440
55
468
647
687
905
166
7
163
170
357
493
564
566
728
733
944
989
1230
1234
1397
1405
1461
1527
1554
1563
927
1299
619
69
212
770
403
477
522
594
646
709
1022
1060
1072
1084
1147
1204
1298
1314
896
1146
555
1574
502
331
890
99
116
169
177
194
295
315
325
361
525
544
557
649
713
732
763
847
859
1000
1023
1137
1258
1263
1326
1357
1400
1463
1551
1578
1275
1184
938
1372
556
1281
1095
1011
1104
156
510
53
356
729
880
899
978
1114
1324
1354
1423
717
701
365
98
150
161
210
269
278
370
382
511
691
765
804
1140
1174
1189
262
1409
599
1503
446
475
1123
755
457
1278
228
252
264
326
328
450
452
454
514
537
542
584
625
658
697
718
799
801
849
887
915
1024
1032
1049
1099
1133
1151
1212
1303
1331
1360
1390
1427
1487
1582
635
867
130
390
239
1056
982
882
1500
207
217
413
920
1193
1349
752
377
1264
14
56
92
379
898
1135
1473
1170
1458
16
214
1087
1139
244
320
383
485
490
528
567
631
803
901
1106
1118
1327
1493
1119
292
958
995
1420
285
1062
82
271
289
738
740
753
815
1153
1464
1550
1115
1141
1448
711
819
863
1262
1589
41
888
1538
1581
969
137
206
593
667
1064
1313
62
1017
1169
1205
1208
143
467
582
762
941
1583
179
422
1569
122
176
8
67
138
140
171
208
277
299
300
376
380
386
399
406
431
432
504
506
618
639
696
727
794
823
832
833
856
860
903
906
908
909
948
956
964
972
975
1003
1061
1085
1128
1130
1156
1166
1171
1198
1216
1222
1227
1228
1240
1260
1290
1323
1352
1382
1385
1408
1412
1546
1553
1394
9
1392
371
778
1288
411
118
219
590
676
695
1149
57
453
730
745
34
596
47
129
164
255
256
565
622
767
817
1037
417
59
1348
65
97
148
385
482
1030
1091
685
1221
1485
400
1280
1525
6
50
100
316
501
541
598
721
784
1013
1071
1484
1495
1506
1296
875
20
1329
416
288
644
771
1053
1310
1472
1491
1502
181
664
1549
470
126
37
72
204
274
317
433
463
479
498
512
683
719
750
870
911
925
933
1025
1036
1067
1069
1102
1158
1177
1181
1182
1218
1226
1251
1457
1475
1505
1520
1557
1575
1424
384
689
1041
167
263
342
503
879
932
1035
1530
1533
291
5
421
1031
538
45
60
253
301
426
455
540
741
744
788
842
966
968
1051
1143
1164
1186
1274
1380
1452
1514
1585
951
1276
483
1086
1468
1131
267
351
853
854
922
1469
1012
1442
79
94
133
149
520
648
1096
1163
1180
1417
1470
1501
1580
518
1480
344
410
1374
87
424
775
1029
1253
934
445
1339
374
456
1571
1250
1285
358
943
19
1466
782
610
10
43
64
139
147
152
159
195
196
222
231
236
238
251
281
302
323
339
350
363
395
397
447
472
474
478
489
492
495
509
532
533
536
585
589
603
645
659
766
768
772
826
838
855
857
892
900
926
936
953
962
979
980
984
999
1008
1048
1054
1055
1068
1074
1093
1113
1127
1129
1157
1165
1167
1185
1202
1220
1254
1317
1345
1367
1371
1403
1404
1421
1433
1447
1482
1529
1543
