1168
3375
1787
3283
1866
2984
2767
1918
972
105
2881
822
3688
2520
4063
1214
70
1210
1732
2457
668
1930
2061
2195
2935
636
1846
2794
3675
3158
2512
1825
2997
3114
2596
3015
1695
46
3182
2146
895
2415
3923
3053
113
1148
2359
2742
2912
3491
1071
64
1661
2038
2000
3140
1906
359
930
3482
3664
1325
3077
460
1059
3550
1714
1204
441
884
3020
2604
253
3714
2947
1772
1292
885
2969
2813
1052
2422
2792
2623
1209
93
3814
175
2849
1444
1785
1754
1919
1913
1035
3431
916
2709
3684
2758
2983
672
2078
2883
3175
964
2897
2866
2420
2408
534
3618
2636
3171
2351
1798
653
1509
3449
3612
2630
893
2625
1546
1746
840
3546
3837
2307
831
1783
3647
841
2786
3547
3477
523
3070
3990
1165
1083
3410
3262
667
1199
2949
3519
1898
1030
117
1365
2481
134
2204
3191
1475
793
1859
3378
408
3584
2592
1868
2888
1730
3882
677
1093
3336
1238
2598
459
2499
3892
2507
83
2098
360
2184
1568
2160
3522
1355
3613
2500
977
2571
328
913
2541
2494
2100
3709
2851
3969
2905
2840
2150
358
67
1771
50
37
269
2832
2161
537
1177
461
1917
2497
507
528
2982
186
902
3920
2665
1119
526
1507
1490
898
2721
3689
896
2451
361
3697
3293
2900
3966
3616
2439
2659
2882
2327
1393
54
2167
19
1108
1719
481
1201
2144
1767
1160
28
135
2169
2914
3527
2704
3460
2322
2727
2895
3537
1362
435
1700
3487
1694
1642
1274
2975
969
2955
2965
1716
3234
2588
1057
3683
2816
581
352
102
3995
2465
158
1090
2692
3030
1958
3504
58
638
3994
3394
3400
858
3695
2196
2530
2563
3867
1179
3914
984
1797
3076
713
3254
124
3696
1874
2170
2968
2893
2315
1139
2556
2923
3760
423
2323
2069
25
1195
1276
1768
2478
2720
418
1880
2921
1675
1779
1032
3565
3657
1067
684
2706
3407
597
1383
3180
2637
2793
198
2789
3919
1366
1105
827
2926
1283
1354
1437
2976
962
2554
244
2538
845
1942
2179
27
857
1699
1395
1203
447
3156
3685
3128
3009
3529
1889
2667
3985
3294
3081
3084
1815
2613
3166
1949
3583
3249
1082
861
1162
908
742
2223
2874
1838
49
1275
3938
204
3426
3729
2374
787
1321
51
1151
789
3998
708
1940
3890
2735
3048
3935
1471
2534
3113
3280
3232
332
570
127
268
211
3248
82
2447
690
1074
3972
500
164
1482
2584
347
3067
3259
1505
241
1506
2472
2513
2004
2508
2566
846
2506
3310
1273
3198
2781
1674
1420
501
1555
1206
197
2971
875
3060
3470
2511
3507
2437
2922
3485
3895
924
3856
1449
721
1970
3169
3014
3271
2948
3928
2097
489
2833
3587
2963
1097
429
1247
317
3122
1200
621
2414
3817
2158
3444
532
1127
2335
3184
2702
1683
876
3835
3274
2410
3700
111
2791
2572
1116
3668
1679
579
3973
844
4018
868
260
3535
922
3875
2831
632
444
694
2060
3250
96
163
3626
439
2726
3018
3095
683
3494
115
1596
2967
3263
2180
754
1329
2925
3087
1255
1396
231
687
2017
960
3819
2114
3631
2591
1863
1576
1044
248
2419
2509
3515
3152
3591
3435
953
2990
3588
1058
2825
1187
3885
2626
983
1764
921
736
3896
2205
1331
3059
150
2157
2856
1021
1961
542
2239
222
3924
2367
3089
3913
165
1405
2575
2753
3510
3886
1727
3282
1136
1181
200
23
3021
2970
1019
1835
264
3858
495
903
1319
2939
1778
2153
251
2577
527
2674
2820
2203
2757
3982
3258
247
1621
2689
949
1841
3680
2046
1849
2542
3894
2549
2218
1336
2752
839
3992
954
2919
1706
2095
978
1765
3151
2528
1397
76
899
919
3301
3069
662
405
1573
3448
3706
2187
3701
1338
2759
252
3682
3692
2208
3659
3010
5
3582
3189
229
240
453
1860
2454
402
3502
2030
379
860
2991
2178
856
1951
2788
424
2139
2463
2334
1412
3411
33
854
2797
2639
1122
2943
3190
295
1125
3909
457
2
1109
3246
877
2526
1391
733
4065
1055
2723
3898
1934
1425
3174
216
1114
3436
911
1750
73
321
1747
3585
2941
193
695
3450
1230
1261
1265
2951
2119
1161
2801
572
2800
1956
2632
1680
2585
2515
99
1652
1358
213
4033
2766
707
2707
2555
3932
3279
1941
3978
670
108
2085
2876
2547
1896
2799
3104
3869
431
892
3346
2998
246
3493
3976
975
3655
3526
543
1039
2059
1451
393
1186
680
2904
48
259
456
3653
1172
2725
1871
2589
1563
3608
3003
3330
160
530
2863
351
871
3056
724
141
1445
1820
3421
3218
2535
799
72
2283
1839
1330
1740
3349
1382
909
2548
1436
2977
438
3549
2620
100
464
1619
3962
1171
2599
2879
3917
2889
86
2126
4067
3691
2246
2450
3830
2473
1346
2428
602
1025
2714
2574
1525
2464
3078
1115
32
1912
2691
2031
1789
2503
3241
1922
3154
3381
2686
4017
2461
2972
3269
41
3539
882
1937
3977
3358
3005
3497
1253
6
2764
2456
29
2501
3473
2640
120
3063
440
3223
3466
1903
2605
2973
1957
1830
2370
1703
2237
2238
1022
1977
1790
3231
965
931
3989
114
571
3887
487
2050
2474
1603
867
664
1164
2679
671
3486
729
2020
262
1094
2671
4064
1867
970
2597
2399
1167
879
4044
1121
2436
1989
1318
2028
2561
3904
3183
1814
2516
1244
1141
2875
3564
1858
1056
1243
3441
3051
1998
3512
2986
1037
177
2483
529
746
426
2460
2443
2693
2600
2251
2524
637
1191
242
43
1407
403
3829
1677
3129
65
1516
1792
1402
710
933
3215
3439
3062
174
3193
1782
3467
2717
2891
1758
2109
2718
1641
407
1687
767
1667
223
59
1737
3146
2482
1140
1921
2376
3380
1904
2185
943
1718
1823
1156
1089
3
3221
1038
866
2911
2937
3107
17
2489
101
2029
1582
782
1600
1809
1046
103
3098
1928
2865
337
2111
3164
725
4
3201
824
3144
659
976
2979
3013
3761
3915
104
1043
2244
1725
109
2363
3130
3939
3987
1943
2697
3276
3338
4024
3383
836
2621
2449
872
3933
617
2878
245
834
709
1387
1923
3492
574
948
2631
3451
1389
3861
1851
4014
3326
1143
650
1713
3261
515
900
2412
906
3654
2662
798
577
1120
2601
569
2741
2135
1724
2559
3698
123
3242
3288
981
2505
2877
2498
3533
3934
208
2769
2417
3573
833
3792
3929
4035
1627
2171
3501
387
3168
3272
1145
1960
1861
1773
1854
878
2544
3901
42
478
2827
2088
3434
535
1229
815
1249
1254
2901
1945
2562
2590
2245
1670
1068
1138
1178
2595
3520
234
2927
2215
1245
412
1128
3027
85
226
750
1973
4021
686
3574
514
3197
4006
923
1264
485
2551
2953
2680
788
2324
3820
1728
63
3213
3316
3325
1367
421
2080
1259
3457
1997
1372
330
106
1193
945
3290
3544
912
2981
812
3841
3534
3187
24
356
3517
2785
712
3011
3052
250
794
2844
2099
1751
2756
1616
3707
1828
271
2908
1678
3080
935
1770
378
3666
2149
2985
2421
2190
3093
4020
1947
2834
3270
2380
737
455
1242
988
928
2247
3296
16
1042
4057
3902
760
2890
2845
3315
2676
1721
342
1422
1723
40
2522
3880
239
3192
2868
2243
692
2403
1837
2096
3910
3936
852
2560
2502
3406
467
1988
2964
2216
2480
2819
1248
3686
1149
2124
2902
1813
1540
1458
1129
1196
1742
573
2037
1016
3252
598
1278
582
2648
2206
3255
779
1123
1345
2234
751
3757
3559
1569
2409
599
1135
3893
3926
3590
2314
2783
3302
3899
3278
870
1150
2966
2558
2416
3859
1419
97
2760
1853
2177
1185
2466
3560
3993
2469
3243
3673
1990
1433
2496
3755
3756
3572
2128
3911
2867
704
869
1946
3297
3455
1826
2822
3838
1227
3112
265
785
3055
2143
3860
918
907
889
1916
3627
3889
3401
2241
2747
1170
1217
874
955
2843
1595
2476
1426
2305
2138
1850
2750
929
2952
2510
2338
568
2761
3646
580
838
842
2026
228
890
125
2609
1036
34
2427
1609
1134
942
1020
926
2892
576
656
2090
1087
1808
4046
1413
611
699
2019
98
1364
640
2669
3508
388
531
2999
1137
3881
1220
3260
3287
172
1454
3662
1498
1803
463
95
3405
1738
1182
1704
1050
303
2954
1399
1691
428
2950
3165
2773
3975
1448
1226
1972
417
3481
1380
3082
2543
862
2151
78
2075
2993
30
2014
1748
629
2644
917
2197
927
891
2915
1208
79
3483
3708
2123
835
1017
2453
2023
1578
3840
651
3614
2920
68
702
1897
4027
2446
2672
3160
3452
957
1157
1146
1847
3937
1282
3045
2974
2980
3289
71
823
2142
1640
1933
536
3897
1705
873
188
2743
3891
1112
2452
62
3903
925
3251
375
796
187
254
462
1991
1987
897
880
1311
2127
2147
1755
1726
2903
2249
2071
3163
1915
2211
2079
910
3931
1548
966
4061
887
3118
2022
2159
1804
2102
2906
2841
1530
3478
2056
1163
2593
1418
433
1741
2495
1914
2356
1113
194
714
137
1166
1081
1543
1685
3000
90
3390
3088
3846
47
2944
353
1142
3883
389
561
2049
1390
1246
38
2570
1002
3153
1522
3905
3331
3921
3828
2230
2390
3839
2360
1660
340
2371
2896
1447
3091
2113
2233
2531
258
1207
1848
920
2018
3500
2586
2471
2836
2688
560
853
3019
1334
816
2611
1633
1818
3396
2537
1270
3532
2614
2330
2132
4037
792
2316
4029
249
3305
3295
2372
2194
2918
2992
883
2749
36
169
1769
3670
3469
2193
3298
3580
2518
3693
3458
3075
384
3656
3918
941
1612
1173
2242
1212
305
2387
3676
1690
341
1211
1279
3314
210
391
230
1322
3233
1299
2745
1535
22
2536
3176
2386
3645
1124
3925
3542
1175
1061
1376
2377
2007
2945
3453
3357
1188
370
3083
1763
2610
1572
3057
1133
2521
575
121
2136
504
3219
3208
267
1363
372
374
2837
2236
3222
2580
1927
2565
26
75
818
3203
1453
3541
2250
4036
2349
2529
1610
3743
3086
646
3671
2701
3826
2917
2931
951
3922
35
1440
1285
338
94
443
1060
238
1301
348
2864
270
3402
2748
1733
3824
1297
1323
1856
3094
196
888
886
2828
3864
3589
3888
905
1159
3930
1664
476
1398
1788
826
3488
266
1241
39
2770
3090
7
3793
3352
2907
1632
3017
777
3679
901
3907
3468
1999
2191
215
3566
1384
3454
4048
263
1487
3304
3728
1462
4016
243
1791
2710
2848
1777
1092
3545
4015
233
4003
3823
1231
2137
1832
4012
3447
3518
257
2087
1844
472
613
1174
3225
4000
2886
2830
293
2582
3145
1237
2913
199
763
3393
1103
987
2568
2217
4002
3170
1931
2587
209
1086
2492
2787
825
619
2027
3214
3300
693
1205
605
881
2790
3391
549
445
1018
1013
3900
2470
1234
1088
3862
1688
2066
1084
3361
2581
3908
3927
1668
2362
201
1202
914
1047
3552
2145
255
3442
2853
410
1455
697
642
3674
2504
1416
2392
700
4031
2396
2910
425
2959
1183
1051
3511
1734
1053
1169
1911
2616
1126
1184
1438
3340
3379
991
1807
3085
2869
828
1152
1353
2829
904
946
2002
2916
3832
533
2186
3912
761
1456
2839
2847
2202
18
1607
1799
1952
2148
1954
745
855
1873
3245
2368
3906
2423
3551
1192
2224
77
458
2379
915
1303
297
578
74
894
3066
490
2162
2333
2475
517
2795
1054
3186
2618
2784