807
817
1722
2627
1431
3663
1343
1545
1324
1472
3625
3765
2685
2514
1529
934
1781
3845
290
564
302
1466
3538
3795
2683
3042
3419
2373
207
214
1394
3710
3567
2929
3851
1320
3109
3126
331
3472
274
4011
3767
1427
385
390
2817
1014
3624
212
1352
3342
3136
2928
1638
2339
3178
3212
3137
159
1593
156
3079
13
701
1964
2213
3561
3871
3945
2317
2199
738
382
3621
627
1939
2047
0
1409
1403
3464
3791
3672
354
3628
757
814
821
607
190
1510
790
3965
419
4023
1689
1890
406
133
465
3844
1410
3356
3776
292
315
1812
296
1070
3581
3807
1692
1587
628
1710
132
184
3575
3768
673
3528
2125
61
2776
3650
345
1400
1864
1955
3850
2479
2649
1533
1805
3720
2383
3678
138
1213
1720
298
596
3105
1731
493
171
719
2110
2353
1624
1671
1965
795
1080
3950
1007
4051
2722
961
409
1267
3718
3369
2712
466
3036
3677
2395
2261
1796
2663
84
756
2860
643
1544
2198
805
1969
3028
2407
1414
3940
1101
3004
810
148
3135
3061
545
937
2355
3847
152
525
2226
1520
3181
1316
1308
3569
1537
3622
2487
1476
4019
3155
1066
1829
3422
974
2418
1662
3025
759
2093
2777
173
3949
4074
9
588
748
2175
20
126
2295
1978
2262
658
3960
3635
3607
2010
3812
3308
1492
985
3456
3811
2286
2343
2525
1513
2652
3328
1280
162
3825
1752
3868
1996
2289
2708
2278
2025
963
2645
1287
1421
3563
1784
1665
3617
3789
3804
300
3779
3778
291
3568
3603
2105
997
2552
3649
469
3418
3764
1228
3364
475
521
1508
232
1348
3648
2255
335
3734
1811
802
1392
1557
3465
153
3744
3385
2545
427
1045
3046
3620
2533
2092
1579
3948
1286
2938
3205
518
2751
3414
4071
813
2320
3637
1001
1869
2962
3337
674
3641
3790
468
3983
422
2724
1118
1012
2304
3116
2348
1631
1606
2312
1562
2106
3103
2433
3749
4042
1963
1654
1878
3074
1882
3253
3813
3111
1386
3368
1875
3347
2677
1369
2821
1257
1485
2602
3713
143
1986
118
3108
2936
3446
3702
3285
1656
2297
492
2425
1359
142
3318
1223
144
688
3737
3374
2231
3853
1549
2265
2862
2987
3386
3479
2400
2779
3433
734
3865
584
284
2269
280
1822
1441
2259
386
556
2073
450
3595
3141
2332
430
3750
513
1817
1100
2978
3557
1468
2166
1349
1589
2739
3738
1356
3333
3235
470
634
2331
1845
522
2431
2006
1786
2200
3968
2713
261
589
1528
2703
1842
2557
2032
3530
3072
1098
3717
3642
170
3509
2311
3796
1962
1011
2303
2176
3217
1095
3732
4030
1317
3425
1994
473
2493
2141
723
952
1536
2130
2486
2641
1073
3167
3665
3781
1132
3690
3521
3516
2958
3787
324
726
669
483
971
4047
294
959
1852
4058
2805
2240
4050
2405
1518
1774
682
520
2369
1944
3044
548
2762
3037
1757
1565
850
1332
2003
377
2705
968
1739
56
2281
1909
2619
3110
2809
996
2267
2824
3803
2072
1876
1026
631
1651
2173
2957
3147
3150
2260
3630
192
973
3741
1470
547
1857
279
1284
2441
1701
414
1298
989
3007
2754
3636
2858
1992
2318
3064
2838
2384
705
2293
647
2325
1374
383
1342
81
679
1076
66
3351
3244
1031
1009
286
2381
3195
3752
3476
3872
3623
3041
367
771
474
2842
1756
2432
722
203
3961
2774
1623
2067
3870
3099
3277
3480
3852
287
2780
2053
506
3849
1712
2256
2091
2043
2899
2181
1423
2366
2273
1553
2655
2857
107
3343
3317
727
3802
808
1262
2772
3268
3955
3506
660
1370
2884
365
3309
2885
3798
775
2401
2013
800
2274
45
1333
1457
614
1625
1650
12
1263
1753
1005
2253
616
3339
3360
2818
586
2814
1924
3704
2155
1686
306
1883
3513
3022
131
1010
2279
3373
3831
832
610
3970
1824
993
3376
3432
2961
505
3599
1800
2678
3484
3024
1503
1538
281
1519
3489
1647
3031
550
2248
1251
995
1556
801
2646
558
2491
3592
2063
2076
3404
718
31
3651
2775
2806
1900
2583
2771
539
3694
1375
3220
648
3699
3884
1806
3952
3035
3739
3303
4032
1483
2746
1258
1190
1836
982
2467
3773
1408
1291
843
2378
2930
323
863
3397
4072
69
1974
1269
166
1588
1310
1215
2272
3834
112
3210
2946
3658
3514
10
139
663
3979
1676
3124
994
3808
1480
346
2266
1107
1385
329
1106
1147
2287
728
289
3200
3553
3125
3002
3771
3106
3311
3766
3206
415
471
2350
947
696
1592
1599
717
3185
2340
2212
2154
1429
362
3703
2036
3032
57
1744
1653
1684
3334
4038
2736
2034
1584
3437
3602
2219
980
396
3139
1130
1428
4066
2375
1240
1887
3292
1341
2015
1501
2033
221
89
2062
654
1639
1371
4056
3238
3877
2252
2445
2996
366
1524
3101
355
772
783
2438
2402
136
497
644
1252
3735
2011
3957
1936
256
2201
1304
2651
1834
3120
3548
593
1085
1552
3499
1666
2615
3794
510
350
2435
146
780
1620
437
508
202
189
2001
2222
3971
1575
140
1069
820
2732
2385
3879
3413
1091
2898
2012
3012
1840
2468
344
720
3230
1450
1189
774
3177
2189
1532
1417
3427
3736
1065
1630
128
625
2815
2687
1634
3204
559
3827
2684
2054
1312
3416
3660
3619
2232
1920
275
2094
1910
1611
1488
3092
1693
938
1982
147
364
1442
3531
3202
52
4022
2413
2221
3643
552
1221
392
769
1078
2658
1872
2430
859
1357
1591
1649
3958
698
448
865
837
2301
3816
3578
1268
2654
2804
371
477
2932
1892
3712
484
3239
3370
1463
1432
3762
1111
1144
758
711
2564
3475
1315
3323
1155
1901
1415
2235
60
1794
381
2344
3716
449
1521
2035
1459
703
2484
797
2104
3997
1645
1551
486
2462
2448
1862
3049
554
1780
1810
2455
3047
3746
3991
3604
4039
765
2310
4026
990
3786
224
3638
276
1250
1222
622
3143
3632
1819
1527
1709
3415
1180
205
1293
1995
3006
2051
318
2021
1469
2711
1411
1439
1673
1029
2044
999
1340
394
2068
967
565
369
675
2081
499
1802
503
2070
2576
482
1560
1377
2275
2569
273
2811
2008
3372
2394
15
3988
1452
3629
313
2934
2264
2406
3332
2682
2329
237
2276
1925
1567
2608
2607
2880
3597
3615
3306
2698
1602
2165
1048
689
3065
1306
3016
397
3138
1696
1443
1028
1495
608
1902
319
2426
1761
2361
3769
400
932
2172
4055
715
3417
3412
706
2675
416
2532
2083
1388
2263
1635
2207
1976
1281
3967
1484
373
2664
2354
2077
2284
4053
3211
3428
1801
2225
411
3026
2294
606
583
110
1993
3775
1361
442
3392
685
2389
3023
2846
3121
2039
2458
3312
53
1577
2365
2933
1033
1870
1953
2765
380
1760
2440
3711
1644
1672
3554
236
2280
3273
2728
4070
3959
3576
541
781
1743
3335
2107
1648
1966
3172
1574
3281
496
3943
743
1373
590
1697
601
1894
3321
3423
1526
2567
498
368
2209
2859
2016
2517
4001
1613
3387
544
3742
4034
2603
4008
1877
1564
322
2288
21
155
88
2612
1004
755
299
451
3639
161
3866
3445
3327
363
3774
3209
2270
3443
2227
2313
311
1681
1646
2956
691
3395
511
1907
2101
1985
1542
3524
3409
2188
3236
2442
3780
206
343
3123
2364
1
1581
3388
3772
936
3040
399
2358
1406
3034
44
3462
491
282
3667
301
1626
309
1597
3398
334
2282
1881
784
1605
2485
3207
3609
747
1655
1197
3963
1554
2994
1499
398
2527
3054
752
2347
55
2617
1272
766
1762
3783
551
587
986
1224
3194
1539
4068
3227
3745
557
1590
3941
3947
3785
3132
609
3981
1494
3848
2411
594
2074
2292
3715
1879
1339
446
786
2164
3490
3730
540
480
3876
1335
950
1637
1288
3354
3740
1561
1715
357
2681
3257
1658
4059
1102
3818
762
3594
1886
2306
600
1571
612
3805
4004
1467
1669
2057
2796
2808
1622
3784
3951
1099
2606
1512
2733
122
1305
3043
3430
432
1981
2763
1072
1307
2942
1290
3731
731
1481
2009
1008
1401
3543
1604
1636
1236
2660
2182
770
3474
2005
1256
2174
436
3119
3611
655
553
278
3362
1971
3050
4060
3687
3377
3705
2308
2803
1827
2802
1502
3071
2121
2488
2635
1435
376
3944
2737
1075
3721
678
3033
2055
2887
3496
940
327
730
1833
2163
3329
320
830
2108
3471
3722
1015
1309
3038
1629
992
1821
2657
649
2740
3498
2873
3463
1027
1077
3096
3661
217
3284
3127
2116
3570
1736
87
149
652
2086
2429
395
3815
3319
235
2807
735
3256
2810
2782
3366
2257
3320
4009
2673
288
3365
3598
1271
3525
2653
191
3341
1327
3240
2290
336
1948
91
2103
2337
744
641
1326
2048
4025
1347
1117
1479
2254
2835
630
2812
3946
623
4069
1583
3461
657
516
1558
3596
666
3196
80
2444
2624
2666
2168
3873
181
1617
2024
1899
1277
1895
2715
2302
3669
3324
488
3420
1615
3964
1034
848
1235
1517
2546
3777
2738
1929
1541
2183
3058
1041
3916
3600
3438
1749
1776
635
3586
3843
1885
2668
1239
1614
1266
3008
595
2298
2628
3403
3286
791
939
1313
1682
1328
1062
1351
2699
2115
304
2291
2341
2924
119
1514
307
3348
3199
3371
3307
2140
2731
776
1586
3610
3633
809
2228
2694
2404
154
2300
1260
3555
3788
3142
1300
1702
1477
1775
3162
3267
3842
3115
1628
2120
1381
3523
740
4073
3097
2768
620
1711
2854
2894
2716
1708
129
1570
479
2940
1717
2656
339
277
3224
3313
1493
2041
2871
454
633
1110
563
1515
3809
1295
2342
1491
1496
591
2647
819
749
167
3399
1489
2118
2156
4062
2661
1006
3800
585
2909
2578
1350
2134
538
1566
3878
349
314
1618
2823
3874
2398
1368
2579
2643
3216
3759
753
420
1000
1511
2042
3782
1079
3188
3389
3495
1296
1766
3747
1024
1531
2192
2573
1959
1337
3821
665
2210
1404
2397
3754
524
1793
1294
180
2540
1344
3863
2345
3726
1967
3102
2798
3247
1935
2734
2220
2550
1983
1434
2285
2321
3999
2326
1473
3291
3797
562
3068
2040
2730
3429
1888
3536
3753
178
681
312
1580
272
179
3558
661
2434
2519
1233
1950
3719
2696
3723
3579
1176
1460
676
2271
3001
452
4040
3039
1478
3640
3226
2045
4045
3806
2346
778
2393
3424
2117
1795
3956
1504
1908
2523
2872
1194
1474
2052
3986
3996
92
310
316
2309
1932
182
519
283
2268
2112
3179
3159
3942
157
2755
2131
14
1063
3173
1465
1698
3384
2490
2850
168
4013
979
851
1865
3237
592
1657
2778
3367
1975
803
3974
1980
1707
1729
741
3758
220
2988
3854
3836
1379
1884
2296
1598
626
2690
3275
3593
1759
3606
1003
3556
1289
1547
2826
2729
1023
1497
308
512
1735
716
958
2391
3855
555
764
1968
2424
645
3131
3980
2642
1216
225
227
998
2622
3157
1893
3100
3822
603
2229
3810
4005
176
2638
639
3228
1158
3540
1360
2129
768
1938
1198
944
1104
2650
401
3459
618
2594
8
1218
3299
2995
1745
1601
2352
1643
3359
2989
2089
1153
1843
3562
2082
3148
3571
3634
3770
151
2553
1131
1608
2319
2258
811
2744
2634
3029
3601
145
502
116
4041
2960
3073
130
1500
1064
3727
1049
509
3954
806
1523
4028
2539
3733
2122
195
3748
2084
3644
3440
2633
1816
1464
4052
218
4043
3322
413
3763
1534
3833
1302
2277
3344
434
1831
3117
4054
1461
847
1891
3953
1154
1040
2870
333
1232
494
3681
1378
2152
3161
3505
1096
2670
2861
546
1225
183
773
567
1659
2695
3355
2214
3577
2357
732
3857
2388
3503
1984
1979
4007
2459
2065
2719
1926
849
3984
615
3751
11
3382
3149
285
3353
1585
1594
864
3408
2852
566
219
1663
739
3799
624
2855
3652
1446
2336
4049
3605
2477
3134
2382
185
3345
3725
1559
404
1855
1486
325
829
804
3350
2064
3133
3801
1314
2133
604
2629
326
3264
3229
1219
2328
4010
3266
1905
2058
3724
956
1424
1550
3265
3363
2700
1430
2299